# 史记未标注文字词性分析汇总报告

> 生成日期：2026-03-12
> 分析脚本：`scripts/pos_analysis.py`
> 数据来源：`chapter_md/*.tagged.md`（130章）
> 方法：字级规则分析（文言虚词表+动词表），无外部NLP依赖

---

## 一、全局词性分布

未标注汉字总数：**488,674**

| 分类 | 字数 | 占比 | 说明 |
|------|------|------|------|
| 虚词（肯定不是实体）| 131,317 | 26.9% | 之乎者也等语气词、助词、代词、连词 |
| 动词（通常不是实体）| 80,625 | 16.5% | 注意词类活用，部分可作名词 |
| 形容词 | 20,052 | 4.1% | 偶尔实体化（如贤者中的贤） |
| 数词 | 33,182 | 6.8% | 通常不独立成实体 |
| 量词 | 16,009 | 3.3% | 二千石等可归入官职类 |
| **候选实体（名词类）** | **207,489** | **42.5%** | 余下汉字，主要是名词/专名，需进一步筛选 |

### 关键结论

- **281,185字**（占未标注的 **57.5%**）可判定为非实体
  - 其中虚词（肯定不是实体）：131,317字（26.9%）
  - 动词/形容词/数词/量词（通常不是实体）：149,868字（30.7%）
- **207,489字**（42.5%）是候选实体（主要是名词/专名类）
- 候选实体中，一部分已被其他方式表达（如动名两用的礼仪词封禅），
  实际可新增标注的实体数量预估在 **62,246~103,744字** 之间

---

## 二、候选实体高频双字词 TOP 100

> 从候选实体字符中提取，已过滤首尾为虚词/动词的组合

| 排名 | 词语 | 频次 | 排名 | 词语 | 频次 | 排名 | 词语 | 频次 | 排名 | 词语 | 频次 |
|------|------|------|------|------|------|------|------|------|------|------|------|
| 1 | 诸侯 | 987 | 2 | 项羽 | 278 | 3 | 太后 | 248 | 4 | 列传 | 237 |
| 5 | 侯刘 | 191 | 6 | 群臣 | 184 | 7 | 昭王 | 179 | 8 | 桓公 | 174 |
| 9 | 惠王 | 173 | 10 | 武王 | 171 | 11 | 公孙 | 159 | 12 | 张仪 | 155 |
| 13 | 太史 | 145 | 14 | 发兵 | 142 | 15 | 项王 | 142 | 16 | 史公 | 137 |
| 17 | 文公 | 135 | 18 | 左右 | 126 | 19 | 始皇 | 116 | 20 | 文帝 | 115 |
| 21 | 周公 | 111 | 22 | 皇帝 | 111 | 23 | 引兵 | 108 | 24 | 缪公 | 104 |
| 25 | 沛公 | 103 | 26 | 襄王 | 102 | 27 | 孟尝 | 100 | 28 | 景帝 | 98 |
| 29 | 章邯 | 94 | 30 | 吴王 | 93 | 31 | 酎金 | 91 | 32 | 襄公 | 86 |
| 33 | 文王 | 85 | 34 | 袁盎 | 85 | 35 | 项梁 | 83 | 36 | 公元 | 82 |
| 37 | 司马 | 81 | 38 | 吕后 | 81 | 39 | 平原 | 81 | 40 | 惠公 | 80 |
| 41 | 成王 | 79 | 42 | 宾客 | 77 | 43 | 景公 | 76 | 44 | 句践 | 75 |
| 45 | 苏秦 | 74 | 46 | 先王 | 72 | 47 | 灵公 | 72 | 48 | 功侯 | 72 |
| 49 | 彭越 | 71 | 50 | 怀王 | 70 | 51 | 项籍 | 70 | 52 | 传第 | 69 |
| 53 | 武公 | 67 | 54 | 悼公 | 66 | 55 | 管仲 | 64 | 56 | 平王 | 63 |
| 57 | 庄公 | 63 | 58 | 悼惠 | 61 | 59 | 楚王 | 59 | 60 | 兄弟 | 58 |
| 61 | 王元 | 58 | 62 | 范睢 | 58 | 63 | 甘茂 | 56 | 64 | 元鼎 | 56 |
| 65 | 扁鹊 | 56 | 66 | 厉公 | 54 | 67 | 太公 | 53 | 68 | 初王 | 53 |
| 69 | 冒顿 | 53 | 70 | 灵王 | 52 | 71 | 王翦 | 52 | 72 | 应侯 | 52 |
| 73 | 穰侯 | 51 | 74 | 田荣 | 51 | 75 | 昭公 | 51 | 76 | 哀侯 | 51 |
| 77 | 庄王 | 50 | 78 | 列侯 | 50 | 79 | 武帝 | 50 | 80 | 齐桓 | 48 |
| 81 | 宗庙 | 48 | 82 | 荆轲 | 48 | 83 | 蒙恬 | 47 | 84 | 天地 | 46 |
| 85 | 成公 | 46 | 86 | 社稷 | 46 | 87 | 赵盾 | 46 | 88 | 叔孙 | 46 |
| 89 | 乐毅 | 46 | 90 | 率诸 | 44 | 91 | 匈奴 | 44 | 92 | 昆弟 | 44 |
| 93 | 宣王 | 43 | 94 | 平公 | 43 | 95 | 功臣 | 43 | 96 | 张良 | 43 |
| 97 | 樊哙 | 43 | 98 | 晁错 | 43 | 99 | 中国 | 43 | 100 | 齐王 | 42 |

---

## 三、候选实体高频三字词 TOP 60

| 排名 | 词语 | 频次 | 排名 | 词语 | 频次 | 排名 | 词语 | 频次 |
|------|------|------|------|------|------|------|------|------|
| 1 | 太史公 | 170 | 2 | 列传第 | 69 | 3 | 率诸侯 | 46 |
| 4 | 齐桓公 | 46 | 5 | 秦昭王 | 42 | 6 | 叔孙通 | 35 |
| 7 | 窦太后 | 32 | 8 | 悼惠王 | 32 | 9 | 公孙弘 | 27 |
| 10 | 秦惠王 | 25 | 11 | 秦缪公 | 25 | 12 | 吕太后 | 23 |
| 13 | 齐悼惠 | 23 | 14 | 楚怀王 | 22 | 15 | 主父偃 | 22 |
| 16 | 王句践 | 21 | 17 | 周公旦 | 20 | 18 | 晋文公 | 20 |
| 19 | 楚庄王 | 18 | 20 | 董仲舒 | 18 | 21 | 西门豹 | 16 |
| 22 | 庄襄王 | 15 | 23 | 诸侯王 | 15 | 24 | 济北王 | 14 |
| 25 | 周武王 | 13 | 26 | 始皇帝 | 13 | 27 | 宣太后 | 13 |
| 28 | 秦始皇 | 13 | 29 | 赵敬肃 | 13 | 30 | 敬肃王 | 13 |
| 31 | 越王句 | 13 | 32 | 考烈王 | 13 | 33 | 淮南王 | 13 |
| 34 | 孙叔敖 | 13 | 35 | 晋惠公 | 12 | 36 | 惠文王 | 12 |
| 37 | 淮阴侯 | 12 | 38 | 王功侯 | 12 | 39 | 史公论 | 12 |
| 40 | 齐湣王 | 12 | 41 | 燕昭王 | 12 | 42 | 本纪第 | 12 |
| 43 | 吕氏事 | 11 | 44 | 楚元王 | 11 | 45 | 节侯刘 | 11 |
| 46 | 文皇帝 | 11 | 47 | 帝颛顼 | 10 | 48 | 诸侯兵 | 10 |
| 49 | 欲发兵 | 10 | 50 | 公孙臣 | 10 | 51 | 摄提格 | 10 |
| 52 | 齐宣王 | 10 | 53 | 公孙奭 | 10 | 54 | 鲁仲连 | 10 |
| 55 | 越列传 | 10 | 56 | 昭襄王 | 9 | 57 | 周宣王 | 9 |
| 58 | 悼武王 | 9 | 59 | 引兵西 | 9 | 60 | 王太后 | 9 |

---

## 四、第二遍Lint：疑似误分字（含虚词/动词字的复合实体候选）

> **背景**：第一遍字级分类后，部分字被归入虚词/动词，但可能实为复合实体的一部分。
> 检测模式：`[候选字][非候选字][候选字]`（夹心模式），频次≥2次的视为可疑。
> **使用方式**：检查下表，判断是否需要将某些字从虚词/动词表中移除，或加入词表豁免列表。

| 排名 | 夹心三字组合 | 全文频次 | 说明 |
|------|-------------|---------|------|
| 1 | `吕不韦` | 40 | 中间字`不`被分类为虚词 |
| 2 | `伍子胥` | 32 | 中间字`子`被分类为虚词 |
| 3 | `王子侯` | 28 | 中间字`子`被分类为虚词 |
| 4 | `闰大馀` | 27 | 中间字`大`被分类为形容词 |
| 5 | `公子光` | 24 | 中间字`子`被分类为虚词 |
| 6 | `淳于髡` | 23 | 中间字`于`被分类为虚词 |
| 7 | `原大王` | 22 | 中间字`大`被分类为形容词 |
| 8 | `孔子孔` | 22 | 中间字`子`被分类为虚词 |
| 9 | `公如晋` | 21 | 中间字`如`被分类为虚词 |
| 10 | `切其脉` | 16 | 中间字`其`被分类为虚词 |
| 11 | `太子太` | 14 | 中间字`子`被分类为虚词 |
| 12 | `梁孝王` | 14 | 中间字`孝`被分类为形容词 |
| 13 | `王降侯` | 14 | 中间字`降`被分类为动词 |
| 14 | `公子公` | 14 | 中间字`子`被分类为虚词 |
| 15 | `诊其脉` | 14 | 中间字`其`被分类为虚词 |
| 16 | `王即位` | 13 | 中间字`即`被分类为虚词 |
| 17 | `韩安国` | 13 | 中间字`安`被分类为虚词 |
| 18 | `李将军` | 13 | 中间字`将`被分类为虚词 |
| 19 | `列为诸` | 12 | 中间字`为`被分类为虚词 |
| 20 | `次有应` | 12 | 中间字`有`被分类为动词 |
| 21 | `初即位` | 11 | 中间字`即`被分类为虚词 |
| 22 | `中行氏` | 11 | 中间字`行`被分类为动词 |
| 23 | `国除平` | 11 | 中间字`除`被分类为动词 |
| 24 | `闲献王` | 11 | 中间字`献`被分类为动词 |
| 25 | `前大馀` | 11 | 中间字`大`被分类为形容词 |
| 26 | `臣青翟` | 11 | 中间字`青`被分类为形容词 |
| 27 | `文信侯` | 11 | 中间字`信`被分类为形容词 |
| 28 | `中行说` | 11 | 中间字`行`被分类为动词 |
| 29 | `太子丹` | 10 | 中间字`子`被分类为虚词 |
| 30 | `事诛国` | 10 | 中间字`诛`被分类为动词 |
| 31 | `齐孝王` | 10 | 中间字`孝`被分类为形容词 |
| 32 | `尝君孟` | 10 | 中间字`君`被分类为虚词 |
| 33 | `郑安平` | 10 | 中间字`安`被分类为虚词 |
| 34 | `秦孝公` | 9 | 中间字`孝`被分类为形容词 |
| 35 | `祠上帝` | 9 | 中间字`上`被分类为动词 |
| 36 | `相如相` | 9 | 中间字`如`被分类为虚词 |
| 37 | `天子天` | 9 | 中间字`子`被分类为虚词 |
| 38 | `程不识` | 9 | 中间字`不`被分类为虚词 |
| 39 | `霍去病` | 9 | 中间字`去`被分类为动词 |
| 40 | `国居葬` | 8 | 中间字`居`被分类为动词 |
| 41 | `右贤王` | 8 | 中间字`贤`被分类为形容词 |
| 42 | `丁未侯` | 8 | 中间字`未`被分类为虚词 |
| 43 | `王夫差` | 8 | 中间字`夫`被分类为虚词 |
| 44 | `樊於期` | 8 | 中间字`於`被分类为虚词 |
| 45 | `天子致` | 7 | 中间字`子`被分类为虚词 |
| 46 | `公子卬` | 7 | 中间字`子`被分类为虚词 |
| 47 | `蒲将军` | 7 | 中间字`将`被分类为虚词 |
| 48 | `逆无道` | 7 | 中间字`无`被分类为虚词 |
| 49 | `神君神` | 7 | 中间字`君`被分类为虚词 |
| 50 | `丙申侯` | 7 | 中间字`申`被分类为动词 |

---

## 五、各章节词性分布一览（130章）

| 章节 | 未标注字数 | 虚词% | 动词% | 形容词% | 数量词% | 候选实体% | Lint警告数 |
|------|-----------|-------|-------|---------|---------|-----------|-----------|
| 001_五帝本纪 | 3,332 | 24.3% | 15.1% | 4.9% | 5.8% | 49.9% | 5 |
| 002_夏本纪 | 2,754 | 24.1% | 18.1% | 3.3% | 5.7% | 48.9% | 15 |
| 003_殷本纪 | 2,781 | 24.3% | 17.3% | 4.4% | 2.6% | 51.5% | 12 |
| 004_周本纪 | 7,363 | 28.4% | 17.6% | 3.7% | 3.5% | 46.8% | 26 |
| 005_秦本纪 | 6,334 | 26.7% | 20.3% | 3.4% | 5.5% | 44.0% | 25 |
| 006_秦始皇本纪 | 11,313 | 25.5% | 17.2% | 5.0% | 6.0% | 46.3% | 38 |
| 007_项羽本纪 | 7,902 | 26.7% | 19.2% | 3.6% | 4.7% | 45.8% | 35 |
| 008_高祖本纪 | 7,724 | 26.3% | 20.3% | 3.7% | 5.7% | 44.1% | 17 |
| 009_吕太后本纪 | 3,395 | 27.3% | 18.8% | 4.0% | 3.5% | 46.5% | 9 |
| 010_孝文本纪 | 4,714 | 29.9% | 16.9% | 6.0% | 5.0% | 42.3% | 18 |
| 011_孝景本纪 | 850 | 24.7% | 19.2% | 3.4% | 10.0% | 42.7% | 0 |
| 012_孝武本纪 | 5,427 | 27.2% | 18.8% | 4.2% | 6.5% | 43.4% | 8 |
| 013_三代世表 | 1,196 | 25.6% | 15.3% | 3.8% | 5.1% | 50.2% | 1 |
| 014_十二诸侯年表 | 16,570 | 8.0% | 9.2% | 1.1% | 53.8% | 28.0% | 33 |
| 015_六国年表 | 8,829 | 10.0% | 10.2% | 1.7% | 43.1% | 35.0% | 36 |
| 016_秦楚之际月表 | 3,447 | 12.1% | 11.3% | 1.4% | 39.9% | 35.4% | 20 |
| 017_汉兴以来诸侯王年表 | 5,564 | 7.3% | 10.9% | 1.5% | 56.3% | 24.1% | 7 |
| 018_高祖功臣侯者年表 | 12,575 | 10.1% | 10.3% | 1.7% | 34.9% | 42.9% | 50 |
| 019_惠景间侯者年表 | 4,662 | 8.5% | 8.9% | 2.5% | 31.6% | 48.5% | 33 |
| 020_建元以来侯者年表 | 5,873 | 14.3% | 13.7% | 3.7% | 19.3% | 48.9% | 48 |
| 021_建元已来王子侯者年表 | 4,539 | 6.8% | 5.9% | 1.8% | 37.5% | 47.9% | 33 |
| 022_汉兴以来将相名臣年表 | 3,751 | 13.9% | 9.8% | 4.0% | 20.3% | 52.1% | 19 |
| 023_礼书 | 2,313 | 38.4% | 12.9% | 6.1% | 4.3% | 38.2% | 2 |
| 024_乐书 | 1,776 | 34.0% | 13.7% | 5.9% | 3.8% | 42.7% | 6 |
| 025_律书 | 2,372 | 26.6% | 15.6% | 3.2% | 14.1% | 40.5% | 5 |
| 026_历书 | 3,117 | 11.3% | 5.6% | 12.5% | 28.6% | 42.0% | 20 |
| 027_天官书 | 7,325 | 22.3% | 18.0% | 6.0% | 9.7% | 44.1% | 39 |
| 028_封禅书 | 9,113 | 26.6% | 17.4% | 4.5% | 7.2% | 44.3% | 33 |
| 029_河渠书 | 1,451 | 28.4% | 10.9% | 3.2% | 7.9% | 49.6% | 0 |
| 030_平准书 | 5,223 | 25.0% | 13.4% | 4.6% | 8.7% | 48.3% | 13 |
| 031_吴太伯世家 | 3,235 | 32.7% | 18.1% | 3.5% | 2.3% | 43.5% | 11 |
| 032_齐太公世家 | 5,999 | 27.8% | 18.5% | 2.9% | 2.9% | 48.0% | 15 |
| 033_鲁周公世家 | 3,621 | 31.9% | 18.2% | 2.4% | 2.7% | 44.8% | 7 |
| 034_燕召公世家 | 1,269 | 29.8% | 21.8% | 3.0% | 4.3% | 41.1% | 5 |
| 035_管蔡世家 | 2,241 | 24.9% | 14.9% | 1.7% | 2.8% | 55.7% | 14 |
| 036_陈杞世家 | 2,067 | 25.1% | 16.9% | 2.5% | 3.5% | 52.0% | 10 |
| 037_卫康叔世家 | 2,473 | 31.7% | 21.0% | 2.1% | 2.8% | 42.5% | 1 |
| 038_宋微子世家 | 3,248 | 31.6% | 20.5% | 3.5% | 5.9% | 38.6% | 8 |
| 039_晋世家 | 11,121 | 29.2% | 18.7% | 3.7% | 4.0% | 44.3% | 45 |
| 040_楚世家 | 9,290 | 31.0% | 17.8% | 3.3% | 3.6% | 44.3% | 30 |
| 041_越王句践世家 | 3,284 | 34.0% | 19.0% | 4.3% | 3.8% | 38.9% | 9 |
| 042_郑世家 | 3,419 | 34.8% | 21.5% | 3.2% | 3.2% | 37.3% | 8 |
| 043_赵世家 | 8,645 | 34.4% | 18.7% | 4.4% | 3.8% | 38.7% | 23 |
| 044_魏世家 | 4,030 | 36.1% | 18.9% | 3.2% | 4.4% | 37.4% | 11 |
| 045_韩世家 | 1,776 | 32.9% | 19.9% | 3.4% | 4.2% | 39.6% | 5 |
| 046_田敬仲完世家 | 4,348 | 34.6% | 20.3% | 2.7% | 4.0% | 38.4% | 21 |
| 047_孔子世家 | 6,133 | 39.2% | 18.2% | 3.4% | 4.8% | 34.3% | 25 |
| 048_陈涉世家 | 2,616 | 28.8% | 20.7% | 3.5% | 5.1% | 41.9% | 5 |
| 049_外戚世家 | 3,013 | 31.9% | 18.4% | 4.3% | 6.3% | 39.1% | 5 |
| 050_楚元王世家 | 572 | 30.8% | 20.6% | 5.2% | 3.5% | 39.9% | 0 |
| 051_荆燕世家 | 998 | 23.4% | 16.5% | 4.8% | 6.1% | 49.1% | 3 |
| 052_齐悼惠王世家 | 2,913 | 26.7% | 16.2% | 5.5% | 3.8% | 47.7% | 8 |
| 053_萧相国世家 | 1,675 | 29.6% | 17.4% | 4.7% | 6.3% | 42.0% | 3 |
| 054_曹相国世家 | 1,761 | 25.4% | 19.2% | 4.2% | 5.0% | 46.2% | 2 |
| 055_留侯世家 | 3,658 | 27.8% | 19.3% | 3.9% | 5.8% | 43.1% | 10 |
| 056_陈丞相世家 | 3,242 | 27.5% | 20.5% | 5.1% | 4.4% | 42.5% | 9 |
| 057_绛侯周勃世家 | 2,453 | 25.1% | 19.2% | 3.7% | 6.1% | 45.9% | 2 |
| 058_梁孝王世家 | 2,712 | 26.1% | 18.9% | 5.1% | 5.5% | 44.4% | 9 |
| 059_五宗世家 | 2,071 | 28.2% | 14.6% | 4.2% | 7.1% | 45.8% | 9 |
| 060_三王世家 | 3,624 | 27.0% | 16.3% | 5.8% | 4.6% | 46.2% | 40 |
| 061_伯夷列传 | 832 | 32.7% | 14.2% | 5.8% | 3.7% | 43.6% | 0 |
| 062_管晏列传 | 1,049 | 34.5% | 14.1% | 5.4% | 3.6% | 42.3% | 1 |
| 063_老子韩非列传 | 2,211 | 41.1% | 13.6% | 4.5% | 4.2% | 36.7% | 1 |
| 064_司马穰苴列传 | 777 | 26.6% | 16.0% | 3.5% | 2.8% | 51.1% | 4 |
| 065_孙子吴起列传 | 2,230 | 32.1% | 18.4% | 4.0% | 4.8% | 40.8% | 3 |
| 066_伍子胥列传 | 3,025 | 31.8% | 19.7% | 3.5% | 4.2% | 40.9% | 9 |
| 067_仲尼弟子列传 | 5,114 | 35.2% | 17.1% | 4.7% | 5.7% | 37.3% | 12 |
| 068_商君列传 | 2,592 | 34.8% | 15.0% | 4.0% | 5.1% | 41.0% | 7 |
| 069_苏秦列传 | 6,751 | 33.9% | 13.2% | 5.0% | 6.0% | 41.8% | 36 |
| 070_张仪列传 | 6,335 | 32.4% | 14.8% | 5.0% | 4.8% | 43.0% | 45 |
| 071_樗里子甘茂列传 | 3,026 | 31.2% | 15.9% | 4.2% | 4.8% | 44.0% | 11 |
| 072_穰侯列传 | 1,580 | 30.9% | 14.8% | 4.4% | 6.1% | 43.8% | 3 |
| 073_白起王翦列传 | 2,378 | 27.9% | 19.0% | 4.3% | 10.2% | 38.6% | 3 |
| 074_孟子荀卿列传 | 1,465 | 30.4% | 13.9% | 4.0% | 4.7% | 46.9% | 3 |
| 075_孟尝君列传 | 3,474 | 32.5% | 16.3% | 3.9% | 4.6% | 42.8% | 17 |
| 076_平原君虞卿列传 | 3,245 | 38.8% | 17.4% | 3.9% | 5.2% | 34.7% | 12 |
| 077_魏公子列传 | 2,572 | 33.2% | 16.6% | 3.3% | 5.4% | 41.5% | 19 |
| 078_春申君列传 | 2,810 | 32.8% | 16.6% | 3.8% | 5.2% | 41.7% | 11 |
| 079_范睢蔡泽列传 | 7,175 | 32.8% | 16.0% | 4.9% | 4.3% | 42.0% | 22 |
| 080_乐毅列传 | 2,043 | 30.2% | 15.4% | 4.0% | 4.4% | 46.1% | 5 |
| 081_廉颇蔺相如列传 | 3,311 | 32.1% | 19.1% | 5.4% | 4.8% | 38.5% | 11 |
| 082_田单列传 | 1,026 | 29.3% | 18.3% | 2.1% | 6.1% | 44.0% | 0 |
| 083_鲁仲连邹阳列传 | 3,763 | 34.1% | 15.3% | 4.8% | 4.1% | 41.7% | 18 |
| 084_屈原贾生列传 | 2,632 | 34.6% | 15.7% | 4.2% | 3.6% | 41.8% | 5 |
| 085_吕不韦列传 | 1,418 | 33.1% | 16.1% | 3.4% | 5.6% | 41.8% | 1 |
| 086_刺客列传 | 4,292 | 33.4% | 17.2% | 3.7% | 3.2% | 42.5% | 13 |
| 087_李斯列传 | 5,710 | 36.1% | 16.9% | 6.9% | 3.4% | 36.7% | 9 |
| 088_蒙恬列传 | 1,428 | 32.6% | 17.5% | 5.2% | 2.5% | 42.2% | 0 |
| 089_张耳陈馀列传 | 3,854 | 29.5% | 18.4% | 4.0% | 5.2% | 42.9% | 14 |
| 090_魏豹彭越列传 | 1,332 | 25.0% | 19.8% | 2.6% | 5.5% | 47.1% | 2 |
| 091_黥布列传 | 2,347 | 29.3% | 21.2% | 3.0% | 5.5% | 41.1% | 6 |
| 092_淮阴侯列传 | 5,392 | 32.0% | 20.5% | 6.9% | 4.7% | 35.9% | 17 |
| 093_韩信卢绾列传 | 2,226 | 25.3% | 22.3% | 4.9% | 4.8% | 42.7% | 6 |
| 094_田儋列传 | 1,548 | 26.9% | 18.7% | 3.8% | 3.9% | 46.6% | 2 |
| 095_樊郦滕灌列传 | 3,559 | 21.1% | 19.9% | 3.6% | 12.1% | 43.2% | 20 |
| 096_张丞相列传 | 2,704 | 31.7% | 18.9% | 4.8% | 5.5% | 39.2% | 5 |
| 097_郦生陆贾列传 | 3,200 | 29.6% | 23.3% | 4.1% | 4.4% | 38.5% | 18 |
| 098_傅靳蒯成列传 | 763 | 20.3% | 25.7% | 0.7% | 17.3% | 36.0% | 1 |
| 099_刘敬叔孙通列传 | 2,370 | 29.0% | 20.2% | 4.2% | 6.0% | 40.6% | 3 |
| 100_季布栾布列传 | 1,405 | 31.2% | 17.0% | 4.1% | 5.8% | 41.9% | 2 |
| 101_袁盎晁错列传 | 2,852 | 27.1% | 19.7% | 3.5% | 4.8% | 45.0% | 10 |
| 102_张释之冯唐列传 | 1,845 | 30.7% | 18.2% | 4.7% | 4.3% | 42.2% | 4 |
| 103_万石张叔列传 | 2,064 | 30.9% | 17.2% | 4.9% | 5.5% | 41.4% | 5 |
| 104_田叔列传 | 2,034 | 27.4% | 20.6% | 6.8% | 6.0% | 39.3% | 3 |
| 105_扁鹊仓公列传 | 8,108 | 26.4% | 15.3% | 4.0% | 8.3% | 46.0% | 50 |
| 106_吴王濞列传 | 3,948 | 25.4% | 18.0% | 4.7% | 3.9% | 48.1% | 11 |
| 107_魏其武安侯列传 | 3,321 | 29.1% | 17.4% | 4.5% | 3.6% | 45.4% | 12 |
| 108_韩长孺列传 | 1,976 | 29.7% | 17.6% | 5.4% | 2.7% | 44.6% | 7 |
| 109_李将军列传 | 2,609 | 32.9% | 18.6% | 8.7% | 6.1% | 33.8% | 6 |
| 110_匈奴列传 | 6,578 | 29.3% | 20.0% | 4.7% | 4.4% | 41.7% | 23 |
| 111_卫将军骠骑列传 | 3,663 | 29.4% | 18.5% | 4.4% | 13.2% | 34.5% | 7 |
| 112_平津侯主父列传 | 4,699 | 30.4% | 15.3% | 5.5% | 4.7% | 44.2% | 10 |
| 113_南越列传 | 2,014 | 25.9% | 19.4% | 4.1% | 5.1% | 45.6% | 2 |
| 114_东越列传 | 1,025 | 29.1% | 19.5% | 4.2% | 3.6% | 43.6% | 1 |
| 115_朝鲜列传 | 945 | 27.0% | 21.7% | 3.2% | 4.9% | 43.3% | 1 |
| 116_西南夷列传 | 1,006 | 27.0% | 16.7% | 3.8% | 7.2% | 45.3% | 3 |
| 117_司马相如列传 | 7,973 | 29.1% | 11.7% | 3.8% | 3.5% | 51.9% | 20 |
| 118_淮南衡山列传 | 5,888 | 29.0% | 19.2% | 3.9% | 5.6% | 42.3% | 18 |
| 119_循吏列传 | 898 | 35.3% | 19.8% | 4.8% | 5.0% | 35.1% | 1 |
| 120_汲郑列传 | 2,274 | 28.9% | 17.5% | 5.2% | 5.5% | 42.9% | 2 |
| 121_儒林列传 | 2,796 | 32.0% | 18.2% | 4.9% | 3.1% | 41.8% | 3 |
| 122_酷吏列传 | 5,151 | 28.8% | 17.6% | 5.8% | 3.2% | 44.6% | 14 |
| 123_大宛列传 | 4,003 | 30.3% | 21.2% | 6.0% | 2.4% | 40.2% | 8 |
| 124_游侠列传 | 1,937 | 30.6% | 15.1% | 5.8% | 4.4% | 44.1% | 3 |
| 125_佞幸列传 | 932 | 25.9% | 15.3% | 5.4% | 4.6% | 48.8% | 1 |
| 126_滑稽列传 | 4,239 | 29.3% | 18.3% | 4.4% | 3.9% | 44.1% | 13 |
| 127_日者列传 | 2,026 | 35.0% | 16.5% | 7.3% | 3.3% | 37.9% | 2 |
| 128_龟策列传 | 4,152 | 31.1% | 18.4% | 5.5% | 4.2% | 40.9% | 7 |
| 129_货殖列传 | 3,974 | 29.5% | 12.9% | 6.7% | 4.5% | 46.5% | 7 |
| 130_太史公自序 | 7,688 | 22.7% | 12.4% | 5.2% | 8.2% | 51.5% | 44 |

---

## 六、实体类型与词性的关系

史记标注系统的实体**不都是名词**，按语法功能分三类：

| 类别 | 例子 | 语法特征 | 标注依据 |
|------|------|----------|----------|
| **纯名词实体** | 人名、地名、器物、族群 | 典型名词，做主宾语 | 语义指称特定个体 |
| **动名两用实体** | 礼仪（封禅/祭祀）、刑法（弃市/腰斩） | 可作动词，也可作名词 | 语义指称事件/行为类别 |
| **概念型实体** | 思想（天命/王道）、典籍书名 | 常作主题论述 | 语义指称概念/文献 |

> 标注系统是**语义驱动**而非词性驱动。
> 判断依据是"是否指称某类可独立命名的对象"，而非词性。
> 因此 `封禅`、`弃市`、`天命` 等动名两用词/概念词均应标注。

---

## 七、分析局限性

1. **字级分析的精度**：文言文存在大量词类活用，如"王天下"中的王是动词而非名词。
   字级词表无法识别活用，候选实体中有约10-15%实为动词活用。
2. **专有名词混入动词表**：部分字（如封字可为动词"封赏"，也可在"封禅"中作名词），
   已保守处理，归入动词表，导致"封禅"中的封被略微低估。
   → 可通过lint警告表（第四节）识别此类情况，将其从词表移除。
3. **n-gram边界过滤**：候选实体n-gram已过滤首尾为虚词/动词的组合，但仍可能
   包含部分描述性短语而非真正实体名称。
4. **Lint夹心检测的误报**：部分夹心模式是正常语法结构（如某之某），
   而非复合实体名称。需人工筛选lint警告表中的有效条目。

---

*本报告由 `scripts/pos_analysis.py` 自动生成。*