# 史记未标注文字词性分析汇总报告

> 生成日期：2026-03-12
> 分析脚本：`scripts/pos_analysis.py`
> 数据来源：`chapter_md/*.tagged.md`（130章）
> 方法：字级规则分析（文言虚词表+动词表），无外部NLP依赖

---

## 一、全局词性分布

未标注汉字总数：**441,997**

| 分类 | 字数 | 占比 | 说明 |
|------|------|------|------|
| 虚词（肯定不是实体）| 126,374 | 28.6% | 之乎者也等语气词、助词、代词、连词 |
| 动词（通常不是实体）| 78,119 | 17.7% | 注意词类活用，部分可作名词 |
| 形容词 | 17,573 | 4.0% | 偶尔实体化（如贤者中的贤） |
| 数词 | 32,983 | 7.5% | 通常不独立成实体 |
| 量词 | 15,524 | 3.5% | 二千石等可归入官职类 |
| **候选实体（名词类）** | **171,424** | **38.8%** | 余下汉字，主要是名词/专名，需进一步筛选 |

### 关键结论

- **270,573字**（占未标注的 **61.2%**）可判定为非实体
  - 其中虚词（肯定不是实体）：126,374字（28.6%）
  - 动词/形容词/数词/量词（通常不是实体）：144,199字（32.6%）
- **171,424字**（38.8%）是候选实体（主要是名词/专名类）
- 候选实体中，一部分已被其他方式表达（如动名两用的礼仪词封禅），
  实际可新增标注的实体数量预估在 **51,427~85,712字** 之间

---

## 二、候选实体高频双字词 TOP 100

> 从候选实体字符中提取，已过滤首尾为虚词/动词的组合

| 排名 | 词语 | 频次 | 排名 | 词语 | 频次 | 排名 | 词语 | 频次 | 排名 | 词语 | 频次 |
|------|------|------|------|------|------|------|------|------|------|------|------|
| 1 | 诸侯 | 980 | 2 | 列传 | 237 | 3 | 侯刘 | 191 | 4 | 群臣 | 189 |
| 5 | 发兵 | 143 | 6 | 左右 | 131 | 7 | 太后 | 128 | 8 | 引兵 | 107 |
| 9 | 太史 | 102 | 10 | 史公 | 93 | 11 | 酎金 | 91 | 12 | 公元 | 82 |
| 13 | 宾客 | 78 | 14 | 先王 | 72 | 15 | 功侯 | 72 | 16 | 传第 | 69 |
| 17 | 皇帝 | 68 | 18 | 王元 | 62 | 19 | 兄弟 | 60 | 20 | 惠王 | 59 |
| 21 | 元鼎 | 56 | 22 | 悼惠 | 55 | 23 | 初王 | 53 | 24 | 列侯 | 51 |
| 25 | 社稷 | 51 | 26 | 功臣 | 50 | 27 | 宗庙 | 50 | 28 | 应侯 | 49 |
| 29 | 天地 | 47 | 30 | 匈奴 | 47 | 31 | 昆弟 | 46 | 32 | 率诸 | 45 |
| 33 | 公孙 | 43 | 34 | 中国 | 43 | 35 | 元光 | 42 | 36 | 康侯 | 42 |
| 37 | 侯王 | 41 | 38 | 侯元 | 41 | 39 | 司马 | 40 | 40 | 乙巳 | 40 |
| 41 | 本纪 | 38 | 42 | 略地 | 38 | 43 | 元朔 | 38 | 44 | 诸公 | 37 |
| 45 | 海内 | 36 | 46 | 哀侯 | 36 | 47 | 恭侯 | 36 | 48 | 享国 | 35 |
| 49 | 首虏 | 35 | 50 | 军中 | 34 | 51 | 癸酉 | 34 | 52 | 王后 | 34 |
| 53 | 桓公 | 33 | 54 | 鬼神 | 32 | 55 | 庄公 | 32 | 56 | 文公 | 32 |
| 57 | 武公 | 32 | 58 | 宗室 | 32 | 59 | 灵公 | 32 | 60 | 汉王 | 32 |
| 61 | 後宫 | 31 | 62 | 财物 | 31 | 63 | 昭公 | 31 | 64 | 项籍 | 31 |
| 65 | 国家 | 31 | 66 | 元狩 | 31 | 67 | 宫室 | 30 | 68 | 说王 | 30 |
| 69 | 诸吕 | 30 | 70 | 平王 | 30 | 71 | 夷侯 | 30 | 72 | 臣窃 | 30 |
| 73 | 食邑 | 30 | 74 | 惠公 | 29 | 75 | 文侯 | 29 | 76 | 郎中 | 29 |
| 77 | 标题 | 29 | 78 | 成公 | 28 | 79 | 先帝 | 28 | 80 | 郡国 | 28 |
| 81 | 景公 | 28 | 82 | 宜阳 | 28 | 83 | 后元 | 28 | 84 | 敬侯 | 28 |
| 85 | 家第 | 28 | 86 | 东北 | 27 | 87 | 顿首 | 27 | 88 | 乙丑 | 27 |
| 89 | 外国 | 27 | 90 | 山川 | 26 | 91 | 襄王 | 26 | 92 | 臣等 | 26 |
| 93 | 靖王 | 26 | 94 | 淮阴 | 26 | 95 | 始皇 | 25 | 96 | 章邯 | 25 |
| 97 | 西北 | 25 | 98 | 县官 | 25 | 99 | 西南 | 25 | 100 | 悼公 | 25 |

---

## 三、候选实体高频三字词 TOP 60

| 排名 | 词语 | 频次 | 排名 | 词语 | 频次 | 排名 | 词语 | 频次 |
|------|------|------|------|------|------|------|------|------|
| 1 | 太史公 | 112 | 2 | 列传第 | 69 | 3 | 率诸侯 | 47 |
| 4 | 悼惠王 | 29 | 5 | 齐悼惠 | 23 | 6 | 吕太后 | 16 |
| 7 | 诸侯王 | 15 | 8 | 赵敬肃 | 13 | 9 | 敬肃王 | 13 |
| 10 | 史公论 | 13 | 11 | 王功侯 | 12 | 12 | 本纪第 | 12 |
| 13 | 吕氏事 | 11 | 14 | 楚元王 | 11 | 15 | 节侯刘 | 11 |
| 16 | 王句践 | 11 | 17 | 主父偃 | 11 | 18 | 诸侯兵 | 10 |
| 19 | 欲发兵 | 10 | 20 | 淮阴侯 | 10 | 21 | 摄提格 | 10 |
| 22 | 公孙奭 | 10 | 23 | 越列传 | 10 | 24 | 引兵西 | 9 |
| 25 | 晋率诸 | 9 | 26 | 侯偃元 | 9 | 27 | 康侯刘 | 9 |
| 28 | 考烈王 | 9 | 29 | 李太后 | 9 | 30 | 宣太后 | 9 |
| 31 | 侯列传 | 9 | 32 | 公室卑 | 8 | 33 | 名山川 | 8 |
| 34 | 事昭帝 | 8 | 35 | 引兵东 | 8 | 36 | 捕首虏 | 8 |
| 37 | 诸侯毕 | 7 | 38 | 奉宗庙 | 7 | 39 | 齐桓公 | 7 |
| 40 | 同母弟 | 7 | 41 | 光禄勋 | 7 | 42 | 夷侯刘 | 7 |
| 43 | 西南夷 | 7 | 44 | 冠盖相 | 7 | 45 | 太宰嚭 | 7 |
| 46 | 布列传 | 7 | 47 | 淮南王 | 7 | 48 | 宗庙社 | 6 |
| 49 | 庙社稷 | 6 | 50 | 济北王 | 6 | 51 | 祠后土 | 6 |
| 52 | 肉袒谢 | 6 | 53 | 楚怀王 | 6 | 54 | 初王元 | 6 |
| 55 | 属淮阴 | 6 | 56 | 元狩元 | 6 | 57 | 侯通元 | 6 |
| 58 | 汉王元 | 6 | 59 | 元鼎元 | 6 | 60 | 悼武王 | 6 |

---

## 四、第二遍Lint：疑似误分字（含虚词/动词字的复合实体候选）

> **背景**：第一遍字级分类后，部分字被归入虚词/动词，但可能实为复合实体的一部分。
> 检测模式：`[候选字][非候选字][候选字]`（夹心模式），频次≥2次的视为可疑。
> **使用方式**：检查下表，判断是否需要将某些字从虚词/动词表中移除，或加入词表豁免列表。

| 排名 | 夹心三字组合 | 全文频次 | 说明 |
|------|-------------|---------|------|
| 1 | `王子侯` | 29 | 中间字`子`被分类为虚词 |
| 2 | `闰大馀` | 27 | 中间字`大`被分类为形容词 |
| 3 | `原大王` | 22 | 中间字`大`被分类为形容词 |
| 4 | `公如晋` | 21 | 中间字`如`被分类为虚词 |
| 5 | `公子公` | 16 | 中间字`子`被分类为虚词 |
| 6 | `切其脉` | 16 | 中间字`其`被分类为虚词 |
| 7 | `王降侯` | 14 | 中间字`降`被分类为动词 |
| 8 | `诊其脉` | 14 | 中间字`其`被分类为虚词 |
| 9 | `列为诸` | 12 | 中间字`为`被分类为虚词 |
| 10 | `次有应` | 12 | 中间字`有`被分类为动词 |
| 11 | `次曰次` | 12 | 中间字`曰`被分类为动词 |
| 12 | `太子太` | 12 | 中间字`子`被分类为虚词 |
| 13 | `初即位` | 11 | 中间字`即`被分类为虚词 |
| 14 | `国除平` | 11 | 中间字`除`被分类为动词 |
| 15 | `闲献王` | 11 | 中间字`献`被分类为动词 |
| 16 | `前大馀` | 11 | 中间字`大`被分类为形容词 |
| 17 | `臣青翟` | 11 | 中间字`青`被分类为形容词 |
| 18 | `吕不韦` | 11 | 中间字`不`被分类为虚词 |
| 19 | `公子光` | 10 | 中间字`子`被分类为虚词 |
| 20 | `梁孝王` | 10 | 中间字`孝`被分类为形容词 |
| 21 | `事诛国` | 10 | 中间字`诛`被分类为动词 |
| 22 | `齐孝王` | 10 | 中间字`孝`被分类为形容词 |
| 23 | `祠上帝` | 9 | 中间字`上`被分类为动词 |
| 24 | `葬生享` | 9 | 中间字`生`被分类为动词 |
| 25 | `天子天` | 9 | 中间字`子`被分类为虚词 |
| 26 | `父曰父` | 8 | 中间字`曰`被分类为动词 |
| 27 | `国居葬` | 8 | 中间字`居`被分类为动词 |
| 28 | `右贤王` | 8 | 中间字`贤`被分类为形容词 |
| 29 | `丁未侯` | 8 | 中间字`未`被分类为虚词 |
| 30 | `霍去病` | 8 | 中间字`去`被分类为动词 |
| 31 | `天子致` | 7 | 中间字`子`被分类为虚词 |
| 32 | `逆无道` | 7 | 中间字`无`被分类为虚词 |
| 33 | `神君神` | 7 | 中间字`君`被分类为虚词 |
| 34 | `丙申侯` | 7 | 中间字`申`被分类为动词 |
| 35 | `事子侯` | 7 | 中间字`子`被分类为虚词 |
| 36 | `歌曰美` | 7 | 中间字`曰`被分类为动词 |
| 37 | `喟然叹` | 7 | 中间字`然`被分类为虚词 |
| 38 | `前用皇` | 7 | 中间字`用`被分类为动词 |
| 39 | `面而事` | 7 | 中间字`而`被分类为虚词 |
| 40 | `病者臣` | 7 | 中间字`者`被分类为虚词 |
| 41 | `实其罪` | 6 | 中间字`其`被分类为虚词 |
| 42 | `王为王` | 6 | 中间字`为`被分类为虚词 |
| 43 | `侯安国` | 6 | 中间字`安`被分类为虚词 |
| 44 | `鲁共王` | 6 | 中间字`共`被分类为虚词 |
| 45 | `山大川` | 6 | 中间字`大`被分类为形容词 |
| 46 | `公子弑` | 6 | 中间字`子`被分类为虚词 |
| 47 | `国除地` | 6 | 中间字`除`被分类为动词 |
| 48 | `臣去病` | 6 | 中间字`去`被分类为动词 |
| 49 | `前所食` | 6 | 中间字`所`被分类为虚词 |
| 50 | `病者切` | 6 | 中间字`者`被分类为虚词 |

---

## 五、各章节词性分布一览（130章）

| 章节 | 未标注字数 | 虚词% | 动词% | 形容词% | 数量词% | 候选实体% | Lint警告数 |
|------|-----------|-------|-------|---------|---------|-----------|-----------|
| 001_五帝本纪 | 2,833 | 28.0% | 17.4% | 4.3% | 6.6% | 43.6% | 4 |
| 002_夏本纪 | 2,446 | 26.4% | 19.7% | 3.5% | 6.4% | 44.0% | 10 |
| 003_殷本纪 | 2,094 | 31.7% | 22.6% | 5.2% | 3.2% | 37.2% | 0 |
| 004_周本纪 | 6,063 | 33.5% | 20.2% | 4.1% | 4.1% | 38.2% | 11 |
| 005_秦本纪 | 4,625 | 33.0% | 25.3% | 2.8% | 6.3% | 32.6% | 7 |
| 006_秦始皇本纪 | 10,250 | 27.4% | 18.5% | 4.9% | 5.8% | 43.4% | 30 |
| 007_项羽本纪 | 6,545 | 31.4% | 22.6% | 3.6% | 5.7% | 36.7% | 21 |
| 008_高祖本纪 | 6,689 | 29.7% | 22.8% | 3.4% | 6.5% | 37.7% | 11 |
| 009_吕太后本纪 | 2,974 | 30.1% | 20.7% | 3.9% | 3.8% | 41.5% | 7 |
| 010_孝文本纪 | 4,473 | 31.2% | 17.4% | 5.8% | 5.2% | 40.3% | 18 |
| 011_孝景本纪 | 749 | 26.7% | 21.1% | 2.9% | 11.2% | 38.0% | 0 |
| 012_孝武本纪 | 5,197 | 27.4% | 19.4% | 3.7% | 6.7% | 42.7% | 8 |
| 013_三代世表 | 1,149 | 26.3% | 15.7% | 3.9% | 5.3% | 48.8% | 1 |
| 014_十二诸侯年表 | 16,535 | 7.9% | 9.2% | 1.1% | 53.9% | 27.9% | 33 |
| 015_六国年表 | 8,796 | 10.0% | 10.3% | 1.7% | 43.2% | 34.8% | 35 |
| 016_秦楚之际月表 | 3,355 | 12.4% | 11.5% | 1.1% | 41.0% | 34.0% | 17 |
| 017_汉兴以来诸侯王年表 | 5,537 | 7.3% | 10.9% | 1.5% | 56.6% | 23.8% | 7 |
| 018_高祖功臣侯者年表 | 12,445 | 10.2% | 10.4% | 1.7% | 35.2% | 42.4% | 50 |
| 019_惠景间侯者年表 | 4,647 | 8.5% | 8.9% | 2.5% | 31.7% | 48.4% | 33 |
| 020_建元以来侯者年表 | 5,845 | 14.3% | 13.8% | 3.7% | 19.4% | 48.8% | 48 |
| 021_建元已来王子侯者年表 | 4,536 | 6.9% | 5.9% | 1.8% | 37.5% | 47.9% | 33 |
| 022_汉兴以来将相名臣年表 | 3,683 | 14.0% | 9.9% | 3.8% | 20.6% | 51.6% | 19 |
| 023_礼书 | 2,281 | 38.8% | 13.1% | 6.2% | 4.4% | 37.5% | 2 |
| 024_乐书 | 1,725 | 34.6% | 14.0% | 6.0% | 3.8% | 41.5% | 5 |
| 025_律书 | 2,344 | 26.8% | 15.7% | 3.2% | 14.2% | 40.1% | 5 |
| 026_历书 | 3,060 | 11.5% | 5.7% | 12.3% | 29.1% | 41.4% | 20 |
| 027_天官书 | 7,207 | 22.6% | 18.2% | 5.9% | 9.8% | 43.5% | 39 |
| 028_封禅书 | 8,428 | 27.9% | 18.6% | 3.8% | 7.7% | 42.0% | 28 |
| 029_河渠书 | 1,395 | 29.3% | 11.2% | 3.1% | 8.0% | 48.4% | 0 |
| 030_平准书 | 5,000 | 25.8% | 14.0% | 4.5% | 9.0% | 46.6% | 9 |
| 031_吴太伯世家 | 2,463 | 39.3% | 22.9% | 4.2% | 3.0% | 30.6% | 5 |
| 032_齐太公世家 | 4,238 | 35.8% | 23.8% | 2.9% | 3.7% | 33.9% | 7 |
| 033_鲁周公世家 | 2,788 | 38.4% | 22.2% | 2.8% | 3.4% | 33.2% | 4 |
| 034_燕召公世家 | 1,069 | 32.6% | 23.9% | 3.1% | 4.8% | 35.5% | 3 |
| 035_管蔡世家 | 1,403 | 36.5% | 21.8% | 2.3% | 4.2% | 35.2% | 7 |
| 036_陈杞世家 | 1,349 | 35.7% | 23.3% | 3.0% | 5.3% | 32.7% | 0 |
| 037_卫康叔世家 | 2,005 | 36.6% | 25.1% | 2.4% | 3.1% | 32.8% | 2 |
| 038_宋微子世家 | 2,909 | 33.5% | 22.7% | 3.8% | 6.1% | 33.9% | 6 |
| 039_晋世家 | 8,398 | 35.5% | 22.4% | 3.3% | 4.7% | 34.2% | 14 |
| 040_楚世家 | 7,508 | 36.1% | 20.7% | 3.8% | 4.2% | 35.2% | 19 |
| 041_越王句践世家 | 3,002 | 36.5% | 20.3% | 4.6% | 4.1% | 34.5% | 8 |
| 042_郑世家 | 2,978 | 37.6% | 24.0% | 3.4% | 3.6% | 31.3% | 5 |
| 043_赵世家 | 7,625 | 38.0% | 20.8% | 4.3% | 4.2% | 32.7% | 16 |
| 044_魏世家 | 3,468 | 40.4% | 21.1% | 3.5% | 4.6% | 30.3% | 4 |
| 045_韩世家 | 1,502 | 38.2% | 22.4% | 3.9% | 4.8% | 30.7% | 2 |
| 046_田敬仲完世家 | 3,850 | 37.2% | 22.0% | 3.1% | 4.4% | 33.4% | 11 |
| 047_孔子世家 | 5,405 | 39.9% | 20.1% | 3.7% | 5.4% | 30.9% | 18 |
| 048_陈涉世家 | 2,254 | 31.9% | 20.9% | 3.2% | 5.9% | 38.1% | 3 |
| 049_外戚世家 | 2,930 | 32.7% | 18.8% | 3.9% | 6.4% | 38.2% | 3 |
| 050_楚元王世家 | 520 | 32.7% | 22.1% | 4.4% | 3.8% | 36.9% | 0 |
| 051_荆燕世家 | 879 | 26.1% | 17.4% | 4.3% | 6.4% | 45.9% | 3 |
| 052_齐悼惠王世家 | 2,792 | 27.8% | 16.6% | 5.4% | 4.0% | 46.2% | 5 |
| 053_萧相国世家 | 1,583 | 30.5% | 18.2% | 3.9% | 6.6% | 40.8% | 1 |
| 054_曹相国世家 | 1,677 | 26.1% | 20.2% | 3.4% | 5.2% | 45.1% | 2 |
| 055_留侯世家 | 3,522 | 28.5% | 20.1% | 3.8% | 5.9% | 41.6% | 9 |
| 056_陈丞相世家 | 2,975 | 29.0% | 20.5% | 4.7% | 4.7% | 41.0% | 8 |
| 057_绛侯周勃世家 | 2,327 | 26.5% | 20.1% | 3.2% | 6.4% | 43.8% | 1 |
| 058_梁孝王世家 | 2,622 | 27.0% | 19.5% | 4.9% | 5.7% | 42.9% | 9 |
| 059_五宗世家 | 2,023 | 28.8% | 15.0% | 3.4% | 7.2% | 45.6% | 8 |
| 060_三王世家 | 3,539 | 27.4% | 16.7% | 5.8% | 4.5% | 45.5% | 40 |
| 061_伯夷列传 | 766 | 34.9% | 15.4% | 6.3% | 4.1% | 39.4% | 0 |
| 062_管晏列传 | 921 | 37.6% | 16.0% | 6.0% | 3.9% | 36.6% | 0 |
| 063_老子韩非列传 | 2,139 | 41.0% | 14.0% | 4.6% | 4.3% | 36.1% | 1 |
| 064_司马穰苴列传 | 724 | 28.6% | 17.1% | 3.7% | 3.0% | 47.5% | 4 |
| 065_孙子吴起列传 | 2,053 | 33.2% | 18.3% | 4.3% | 5.1% | 39.1% | 3 |
| 066_伍子胥列传 | 2,913 | 32.2% | 20.2% | 3.6% | 4.3% | 39.6% | 8 |
| 067_仲尼弟子列传 | 4,723 | 34.1% | 17.7% | 5.1% | 6.2% | 36.9% | 10 |
| 068_商君列传 | 2,484 | 36.3% | 15.7% | 3.4% | 5.3% | 39.3% | 3 |
| 069_苏秦列传 | 6,603 | 34.6% | 13.5% | 5.2% | 6.2% | 40.5% | 34 |
| 070_张仪列传 | 6,065 | 33.8% | 15.4% | 5.2% | 5.0% | 40.5% | 43 |
| 071_樗里子甘茂列传 | 2,517 | 33.0% | 17.4% | 4.5% | 4.3% | 40.8% | 6 |
| 072_穰侯列传 | 1,451 | 33.6% | 15.8% | 4.4% | 6.6% | 39.6% | 2 |
| 073_白起王翦列传 | 2,258 | 29.2% | 19.3% | 3.9% | 10.7% | 36.9% | 1 |
| 074_孟子荀卿列传 | 1,362 | 31.1% | 14.8% | 4.3% | 5.1% | 44.8% | 2 |
| 075_孟尝君列传 | 3,025 | 33.6% | 18.4% | 4.4% | 5.0% | 38.5% | 8 |
| 076_平原君虞卿列传 | 3,003 | 39.1% | 18.8% | 4.0% | 5.7% | 32.5% | 7 |
| 077_魏公子列传 | 2,465 | 33.5% | 17.3% | 3.3% | 5.7% | 40.2% | 16 |
| 078_春申君列传 | 2,559 | 34.1% | 16.4% | 3.6% | 5.5% | 40.4% | 10 |
| 079_范睢蔡泽列传 | 6,651 | 34.8% | 17.0% | 5.1% | 4.7% | 38.4% | 14 |
| 080_乐毅列传 | 1,865 | 32.9% | 16.8% | 4.3% | 4.8% | 41.2% | 5 |
| 081_廉颇蔺相如列传 | 2,936 | 32.9% | 21.5% | 4.5% | 5.2% | 35.8% | 6 |
| 082_田单列传 | 953 | 31.6% | 19.7% | 2.3% | 6.3% | 40.1% | 0 |
| 083_鲁仲连邹阳列传 | 3,452 | 36.3% | 16.4% | 4.7% | 4.3% | 38.3% | 16 |
| 084_屈原贾生列传 | 2,240 | 36.5% | 16.0% | 4.3% | 3.9% | 39.3% | 3 |
| 085_吕不韦列传 | 1,296 | 33.9% | 17.7% | 3.7% | 6.1% | 38.7% | 1 |
| 086_刺客列传 | 3,737 | 36.0% | 18.9% | 3.6% | 3.7% | 37.9% | 6 |
| 087_李斯列传 | 4,893 | 36.2% | 17.6% | 5.8% | 3.5% | 36.9% | 6 |
| 088_蒙恬列传 | 1,251 | 36.3% | 19.5% | 4.7% | 2.5% | 37.0% | 0 |
| 089_张耳陈馀列传 | 3,258 | 32.8% | 19.2% | 3.7% | 6.0% | 38.3% | 7 |
| 090_魏豹彭越列传 | 1,120 | 29.7% | 22.7% | 2.5% | 6.5% | 38.6% | 1 |
| 091_黥布列传 | 2,088 | 31.7% | 23.5% | 3.1% | 6.1% | 35.6% | 4 |
| 092_淮阴侯列传 | 5,049 | 33.4% | 21.7% | 4.6% | 5.0% | 35.4% | 12 |
| 093_韩信卢绾列传 | 1,886 | 29.4% | 25.2% | 2.9% | 5.6% | 36.9% | 3 |
| 094_田儋列传 | 1,223 | 32.8% | 22.7% | 3.5% | 5.0% | 36.0% | 1 |
| 095_樊郦滕灌列传 | 2,932 | 24.7% | 23.7% | 2.0% | 14.5% | 35.1% | 13 |
| 096_张丞相列传 | 2,385 | 35.6% | 20.7% | 3.4% | 6.2% | 34.0% | 3 |
| 097_郦生陆贾列传 | 3,006 | 31.3% | 22.3% | 4.3% | 4.7% | 37.4% | 15 |
| 098_傅靳蒯成列传 | 708 | 21.6% | 27.0% | 0.7% | 18.6% | 32.1% | 1 |
| 099_刘敬叔孙通列传 | 2,227 | 30.8% | 21.1% | 4.4% | 6.4% | 37.3% | 3 |
| 100_季布栾布列传 | 1,250 | 34.9% | 18.7% | 4.6% | 6.5% | 35.3% | 2 |
| 101_袁盎晁错列传 | 2,537 | 30.1% | 21.8% | 3.8% | 5.1% | 39.2% | 6 |
| 102_张释之冯唐列传 | 1,559 | 33.7% | 20.9% | 4.9% | 4.7% | 35.8% | 4 |
| 103_万石张叔列传 | 1,768 | 34.0% | 19.4% | 4.3% | 3.9% | 38.4% | 6 |
| 104_田叔列传 | 1,748 | 30.3% | 22.7% | 5.4% | 6.7% | 34.8% | 1 |
| 105_扁鹊仓公列传 | 7,504 | 28.0% | 16.3% | 3.9% | 8.9% | 42.8% | 43 |
| 106_吴王濞列传 | 3,421 | 28.8% | 20.7% | 4.6% | 4.5% | 41.5% | 9 |
| 107_魏其武安侯列传 | 2,907 | 30.4% | 19.7% | 4.4% | 4.1% | 41.5% | 5 |
| 108_韩长孺列传 | 1,634 | 32.6% | 20.6% | 5.4% | 3.3% | 38.2% | 0 |
| 109_李将军列传 | 2,307 | 35.8% | 20.8% | 4.1% | 6.6% | 32.7% | 3 |
| 110_匈奴列传 | 5,886 | 31.9% | 21.6% | 4.2% | 4.9% | 37.4% | 20 |
| 111_卫将军骠骑列传 | 3,486 | 30.2% | 19.0% | 3.4% | 13.8% | 33.6% | 6 |
| 112_平津侯主父列传 | 4,240 | 32.1% | 16.5% | 5.7% | 4.8% | 40.9% | 8 |
| 113_南越列传 | 1,809 | 28.2% | 20.8% | 3.6% | 5.3% | 42.1% | 0 |
| 114_东越列传 | 903 | 32.0% | 21.8% | 3.0% | 4.1% | 39.1% | 1 |
| 115_朝鲜列传 | 835 | 28.5% | 24.6% | 3.0% | 4.9% | 39.0% | 1 |
| 116_西南夷列传 | 946 | 28.1% | 17.8% | 3.9% | 7.5% | 42.7% | 3 |
| 117_司马相如列传 | 7,678 | 29.0% | 12.0% | 3.7% | 3.6% | 51.6% | 18 |
| 118_淮南衡山列传 | 5,509 | 29.6% | 19.6% | 3.2% | 5.9% | 41.7% | 16 |
| 119_循吏列传 | 854 | 36.5% | 20.3% | 5.0% | 4.9% | 33.3% | 1 |
| 120_汲郑列传 | 2,059 | 31.3% | 19.2% | 5.5% | 5.9% | 38.1% | 1 |
| 121_儒林列传 | 2,247 | 37.2% | 19.6% | 4.8% | 3.6% | 34.8% | 1 |
| 122_酷吏列传 | 4,478 | 31.5% | 19.8% | 6.0% | 3.7% | 39.1% | 5 |
| 123_大宛列传 | 3,699 | 31.7% | 22.4% | 6.3% | 2.5% | 37.2% | 5 |
| 124_游侠列传 | 1,679 | 34.8% | 17.3% | 5.7% | 5.0% | 37.3% | 2 |
| 125_佞幸列传 | 750 | 31.5% | 18.8% | 4.8% | 4.4% | 40.5% | 1 |
| 126_滑稽列传 | 3,840 | 31.6% | 19.7% | 4.8% | 3.8% | 40.0% | 10 |
| 127_日者列传 | 1,922 | 36.6% | 17.2% | 7.1% | 3.5% | 35.5% | 2 |
| 128_龟策列传 | 3,985 | 32.0% | 19.0% | 5.6% | 4.3% | 39.0% | 8 |
| 129_货殖列传 | 3,754 | 30.9% | 13.1% | 6.8% | 4.7% | 44.5% | 6 |
| 130_太史公自序 | 7,107 | 23.7% | 13.0% | 5.2% | 8.8% | 49.3% | 44 |

---

## 六、实体类型与词性的关系

史记标注系统的实体**不都是名词**，按语法功能分三类：

| 类别 | 例子 | 语法特征 | 标注依据 |
|------|------|----------|----------|
| **纯名词实体** | 人名、地名、器物、族群 | 典型名词，做主宾语 | 语义指称特定个体 |
| **动名两用实体** | 礼仪（封禅/祭祀）、刑法（弃市/腰斩） | 可作动词，也可作名词 | 语义指称事件/行为类别 |
| **概念型实体** | 思想（天命/王道）、典籍书名 | 常作主题论述 | 语义指称概念/文献 |

> 标注系统是**语义驱动**而非词性驱动。
> 判断依据是"是否指称某类可独立命名的对象"，而非词性。
> 因此 `封禅`、`弃市`、`天命` 等动名两用词/概念词均应标注。

---

## 七、分析局限性

1. **字级分析的精度**：文言文存在大量词类活用，如"王天下"中的王是动词而非名词。
   字级词表无法识别活用，候选实体中有约10-15%实为动词活用。
2. **专有名词混入动词表**：部分字（如封字可为动词"封赏"，也可在"封禅"中作名词），
   已保守处理，归入动词表，导致"封禅"中的封被略微低估。
   → 可通过lint警告表（第四节）识别此类情况，将其从词表移除。
3. **n-gram边界过滤**：候选实体n-gram已过滤首尾为虚词/动词的组合，但仍可能
   包含部分描述性短语而非真正实体名称。
4. **Lint夹心检测的误报**：部分夹心模式是正常语法结构（如某之某），
   而非复合实体名称。需人工筛选lint警告表中的有效条目。

---

*本报告由 `scripts/pos_analysis.py` 自动生成。*